140007
152094
211735
301354
309016
319837
346864
352779
357129
865861
918544
935966
1026942
1139879
1257561
1262554
1353556
1374012
1416638
1526130
1551737
1616240
1725302
1760561
1776737
1873320
1875618
1896266
1972435
2059442
2108050
2151643
2243420
2276872
2421953
2527704
2547632
2601851
2657888
2712747
2757925
2861975
2905413
3033436
3206607
3243650
3259749
3290023
3573725
3581946
3596629
3610973
3707942
3753757
3776208
3995271
4180488
4342110
4635835
4691425
4736050
4740415
4917780
4957291
5081086
5150958
5175512
5296105
5407771
5476001
5507714
5519335
5524906
5542593
5723130
5872079
5928004
6167336
6323944
6374497
6455429
6473870
6525231
6571847
6655247
6772402
6889558
7057807
7196855
7210706
7268180
7349509
7407070
7439105
7460097
7484347
7616367
7762846
7829274
7877552
7901354
7919263
7954986
7995725
8011561
8074084
8242783
8269666
8383706
8523986
8563588
8592275
8641259
8691516
8778042
8970113
9060145
9174849
9297608
9356263
9374197
9412098
9482697
9873744
9918580
9940625
10007477
10013115
10063676
10105503
10232784
10392835
10413129
10561025
10586324
10670435
10673704
10712699
10836624
10941028
10963570
